duration=205.872086
bpm=119.987756
et=1.446122
start=8
end=190