duration=224.262290
bpm=125.000000
et=0.290000
start=8
end=218