duration=217.026372
bpm=127.991018
et=0.360000
start=9
end=212