duration=215.014943
bpm=129.989403
et=1.408043
start=8
end=210