duration=188.552902
bpm=144.009932
et=0.236207
start=4
end=185