duration=196.441882
bpm=97.013249
et=0.638889
start=9
end=190