duration=213.395351
bpm=130.995700
et=0.116970
start=0.8
end=207