duration=190.850612
bpm=122.002086
et=1.175128
start=4
end=185